DRIVER
  os.environ['SMA_TSO_COSMOS_ELEMAT'] = '1'
  driver.registerSaveRule( UpdateRules.COPY, CheckPoints.ITER_COMPLETE, EventTimes.LAST, [ '*.ste*' ], 'SAVE.ste', '' )
  driver.registerSaveRule( UpdateRules.COPY, CheckPoints.ITER_COMPLETE, EventTimes.LAST, [ '*.lcd*' ], 'SAVE.ste', '' )
  driver.registerSaveRule( UpdateRules.COPY, CheckPoints.ITER_COMPLETE, EventTimes.LAST, [ '*.lcm*' ], 'SAVE.ste', '' )
END_

FEM_INPUT
  ID_NAME = calf-1-위상_스터디_1_1
  FILE = calf-1-위상 스터디 1.NOD
END_

*SET_DB,rint,130,1

GROUP_DEF
  ID_NAME = FROZEN_AREA_ELEMS_GRP_1
  TYPE=ELEM
  FORMAT=LIST
  LIST_BEGIN
16,19,23,28,29,32,33,34,39,40,41,42,43,45,46,48,49,52,53,55,57,61,68,73,80,92,94,96,98,105,
107,109,110,111,112,117,130,153,154,162,169,170,174,176,180,183,193,196,198,203,208,218,223,
224,229,240,244,250,251,254,258,270,274,275,285,290,295,299,305,306,320,333,371,377,378,379,
380,387,388,392,393,400,409,425,433,438,440,441,446,447,449,450,454,455,456,457,462,464,468,
471,476,477,482,484,490,493,496,498,507,512,521,528,529,531,534,535,538,548,550,557,565,603,
604,612,617,628,634,640,667,672,678,679,687,697,699,700,705,709,716,720,722,724,727,728,740,
744,745,755,761,763,775,793,805,808,809,814,818,820,826,827,836,839,849,850,860,866,867,868,
869,885,889,890,898,899,912,926,929,932,937,938,939,944,952,953,960,965,966,968,976,978,979,
980,981,982,986,987,988,991,995,996,998,1004,1007,1008,1012,1016,1024,1027,1028,1029,1036,
1037,1042,1054,1057,1066,1075,1080,1082,1089,1094,1097,1099,1103,1106,1119,1120,1122,1128,
1132,1144,1145,1150,1151,1162,1163,1165,1168,1188,1190,1195,1204,1208,1213,1237,1239,1246,
1261,1264,1266,1268,1276,1282,1283,1288,1291,1292,1298,1311,1316,1326,1332,1337,1351,1358,
1359,1360,1363,1367,1372,1377,1382,1387,1396,1403,1410,1412,1413,1414,1415,1416,1428,1436,
1444,1449,1451,1452,1455,1467,1468,1473,1492,1497,1501,1502,1503,1504,1505,1513,1515,1521,
1524,1536,1540,1541,1550,1556,1557,1558,1560,1562,1569,1570,1574,1575,1582,1584,1585,1593,
1596,1613,1614,1631,1633,1655,1664,1673,1675,1682,1688,1689,1690,1691,1694,1699,1702,1717,
1718,1724,1726,1731,1732,1739,1743,1750,1762,1767,1774,1776,1780,1782,1795,1796,1801,1804,
1808,1809,1815,1819,1821,1825,1827,1829,1839,1851,1865,1866,1869,1871,1874,1877,1878,1882,
1889,1890,1896,1900,1913,1915,1916,1925,1926,1928,1932,1936,1938,1942,1948,1949,1950,1957,
1958,1960,1961,1962,1971,1974,1976,1979,1980,1982,1984,1986,1987,1991,2005,2006,2010,2014,
2020,2021,2026,2041,2048,2049,2061,2065,2070,2075,2083,2088,2111,2122,2123,2125,2147,2150,
2154,2155,2181,2183,2187,2191,2193,2197,2200,2204,2205,2208,2215,2217,2225,2227,2237,2242,
2248,2264,2266,2267,2270,2274,2282,2287,2292,2293,2297,2300,2301,2302,2312,2323,2325,2340,
2342,2344,2345,2346,2350,2361,2364,2370,2382,2394,2395,2397,2402,2406,2414,2424,2431,2434,
2443,2446,2447,2462,2463,2465,2466,2469,2473,2486,2489,2491,2493,2497,2508,2513,2528,2538,
2539,2547,2558,2567,2578,2582,2594,2615,2616,2629,2635,2642,2643,2648,2651,2662,2665,2666,
2675,2676,2685,2693,2699,2707,2708,2724,2738,2739,2747,2755,2763,2769,2776,2792,2798,2807,
2808,2812,2813,2817,2825,2827,2828,2832,2834,2836,2838,2839,2845,2847,2851,2860,2875,2879,
2883,2891,2904,2906,2912,2921,2932,2941,2944,2951,2955,2959,2961,2978,2981,2989,2993,2997,
2998,2999,3005,3007,3016,3018,3019,3026,3027,3039,3054,3055,3056,3062,3063,3065,3066,3072,
3076,3083,3114,3118,3120,3132,3136,3137,3138,3144,3152,3171,3178,3181,3184,3188,3189,3192,
3196,3198,3212,3214,3221,3228,3241,3251,3259,3267,3285,3287,3291,3295,3302,3311,3321,3328,
3336,3345,3350,3355,3356,3364,3365,3372,3388,3390,3391,3392,3395,3397,3406,3410,3430,3431,
3437,3441,3459,3463,3467,3475,3479,3491,3496,3500,3504,3507,3542,3546,3547,3550,3553,3559,
3560,3562,3563,3566,3567,3573,3586,3587,3593,3597,3599,3601,3602,3605,3606,3607,3612,3613,
3615,3619,3622,3625,3626,3630,3643,3646,3654,3667,3682,3685,3689,3690,3691,3695,3703,3715,
3721,3724,3733,3734,3737,3740,3745,3755,3756,3757,3760,3761,3763,3765,3766,3767,3769,3771,
3782,3793,3795,3804,3807,3808,3810,3815,3817,3820,3822,3823,3824,3833,3838,3840,3842,3846,
3858,3867,3868,3869,3873,3888,3889,3892,3895,3897,3898,3903,3915,3920,3922,3931,3932,3933,
3934,3938,3940,3949,3952,3953,3956,3963,3969,3974,3975,3977,3983,3985,3993,4001,4004,4010,
4015,4019,4021,4026,4032,4036,4058,4063,4064,4065,4066,4067,4076,4079,4082,4090,4091,4099,
4102,4112,4120,4125,4127,4131,4132,4143,4150,4156,4160,4161,4162,4174,4181,4183,4189,4190,
4194,4200,4207,4209,4215,4216,4225,4240,4246,4281,4290,4297,4299,4301,4307,4314,4318,4322,
4330,4331,4339,4340,4348,4361,4365,4372,4374,4377,4380,4383,4385,4389,4392,4399,4407,4411,
4417,4418,4421,4426,4433,4451,4461,4465,4469,4471,4473,4475,4483,4485,4487,4501,4506,4515,
4525,4534,4541,4549,4552,4556,4558,4560,4561,4570,4573,4579,4581,4589,4590,4595,4601,4602,
4606,4611,4616,4617,4620,4639,4640,4644,4663,4664,4670,4678,4682,4683,4685,4686,4690,4692,
4697,4698,4702,4706,4715,4723,4725,4729,4733,4741,4744,4752,4764,4765,4767,4770,4771,4779,
4780,4783,4792,4800,4802,4804,4806,4810,4811,4813,4814,4819,4822,4824,4827,4833,4834,4835,
4849,4852,4853,4858,4860,4862,4868,4870,4876,4882,4893,4897,4903,4905,4906,4909,4911,4913,
4916,4926,4932,4934,4936,4940,4943,4947,4948,4957,4958,4960,4964,4965,4968,4972,4974,4979,
4982,4984,4985,5004,5005,5010,5011,5020,5028,5038,5043,5052,5059,5060,5064,5075,5083,5087,
5109,5112,5127,5131,5137,5147,5148,5153,5160,5166,5168,5185,5193,5196,5198,5201,5205,5206,
5217,5242,5250,5252,5253,5261,5286,5294,5301,5311,5314,5317,5322,5324,5330,5341,5345,5348,
5349,5352,5362,5366,5367,5385,5386,5387,5389,5397,5424,5431,5437,5441,5442,5446,5456,5460,
5467,5480,5482,5484,5485,5517,5520,5526,5538,5554,5571,5586,5587,5591,5595,5600,5601,5607,
5608,5611,5617,5622,5626,5633,5634,5636,5644,5646,5660,5666,5678,5680,5691,5694,5698,5703,
5712,5715,5720,5730,5741,5744,5746,5748,5755,5758,5762,5765,5768,5769,5771,5778,5784,5788,
5791,5796,5797,5802,5804,5806,5808,5815,5816,5820,5822,5823,5824,5825,5847,5848,5863,5868,
5870,5905,5913,5921,5930,5967,5968,5970,5971,5972,5973,5975,5977,5979,5987,6001,6002,6005,
6011,6013,6016,6018,6023,6031,6033,6039,6050,6071,6073,6076,6078,6085,6102,6104,6106,6108,
6120,6122,6123,6126,6128,6129,6130,6138,6143,6144,6149,6155,6157,6158,6159,6168,6169,6172,
6181,6182,6184,6187,6193,6212,6215,6221,6225,6228,6229,6230,6232,6239,6240,6271,6274,6280,
6282,6283,6286,6292,6294,6297,6301,6303,6305,6317,6320,6322,6327,6331,6332,6337,6341,6345,
6351,6353,6354,6356,6361,6364,6365,6369,6370,6375,6377,6382,6383,6385,6386,6392,6395,6397,
6405,6409,6413,6417,6418,6423,6425,6430,6431,6432,6436,6439,6442,6443,6445,6449,6450,6455,
6459,6463,6464,6465,6469,6473,6481,6487,6490,6500,6502,6514,6524,6525,6533,6560,6561,6570,
6572,6577,6605,6609,6613,6614,6624,6628,6634,6638,6645,6652,6655,6660,6661,6669,6671,6678,
6679,6682,6686,6691,6711,6715,6728,6729,6734,6740,6742,6743,6748,6752,6764,6765,6770,6784,
6790,6793,6805,6810,6813,6819,6820,6822,6830,6831,6832,6857,6867,6872,6876,6878,6882,6893,
6896,6903,6906,6912,6913,6915,6919,6924,6926,6933,6934,6935,6957,6959,6961,6968,6970,6972,
6985,6997,7015,7016,7019,7025,7028,7035,7039,7043,7048,7052,7056,7063,7066,7079,7084,7088,
7090,7121,7122,7126,7131,7132,7138,7140,7145,7184,7186,7187,7191,7199,7202,7209,7219,7226,
7231,7233,7252,7253,7258,7273,7286,7290,7291,7297,7303,7304,7311,7315,7317,7318,7319,7322,
7323,7326,7335,7338,7342,7343,7349,7356,7361,7368,7371,7376,7378,7386,7389,7402,7405,7407,
7414,7417,7422,7433,7439,7440,7441,7443,7444,7447,7450,7455,7458,7473,7486,7495,7501,7511,
7517,7532,7541,7553,7564,7568,7571,7574,7579,7581,7582,7591,7596,7597,7601,7609,7612,7613,
7617,7620,7623,7630,7631,7634,7640,7644,7658,7660,7661,7662,7663,7680,7687,7689,7713,7715,
7718,7722,7726,7727,7728,7736,7742,7777,7780,7781,7786,7803,7822,7850,7858,7867,7869,7873,
7875,7877,7882,7883,7887,7895,7902,7909,7914,7917,7920,7923,7933,7934,7940,7942,7943,7963,
7964,7965,7967,7970,7972,7977,7989,7990,7995,7996,7999,8001,8004,8013,8016,8025,8026,8029,
8030,8054,8066,8076,8078,8080,8082,8084,8086,8094,8099,8100,8101,8109,8110,8114,8117,8119,
8122,8123,8124,8125,8128,8129,8130,8134,8139,8143,8144,8146,8149,8150,8153,8154,8155,8157,
8158,8161,8176,8183,8200,8202,8211,8215,8216,8219,8225,8232,8243,8245,8247,8248,8254,8272,
8274,8280,8283,8284,8286,8294,8298,8302,8304,8306,8308,8312,8315,8316,8320,8336,8338,8340,
8343,8344,8347,8349,8355,8365,8371,8377,8382,8384,8385,8387,8390,8395,8397,8400,8406,8416,
8417,8419,8423,8427,8435,8438,8445,8448,8453,8455,8460,8463,8470,8471,8473,8474,8477,8482,
8488,8491,8494,8496,8497,8499,8500,8508,8513,8518,8522,8525,8526,8537,8538,8539,8540,8560,
8563,8568,8572,8573,8591,8599,8604,8609,8610,8613,8619,8644,8647,8655,8659,8660,8664,8669,
8677,8679,8682,8683,8687,8695,8701,8704,8706,8713,8716,8726,8728,8735,8754,8755,8756,8757,
8758,8762,8764,8773,8782,8783,8786,8791,8800,8805,8817,8819,8822,8839,8853,8862,8868,8871,
8873,8874,8883,8889,8890,8891,8892,8895,8902,8917,8920,8921,8929,8930,8933,8935,8946,8962,
8972,8998,9008,9009,9012,9026,9033,9044,9052,9054,9064,9069,9072,9076,9085,9087,9089,9093,
9096,9123,9127,9136,9137,9145,9147,9166,9167,9176,9178,9182,9183,9187,9197,9213,9217,9225,
9228,9229,9231,9235,9236,9240,9245,9248,9251,9252,9256,9259,9264,9267,9270,9275,9277,9280,
9281,9286,9290,9294,9304,9309,9318,9320,9322,9329,9330,9336,9338,9339,9344,9352,9357,9358,
9359,9363,9372,9381,9385,9388,9389,9390,9394,9407,9419,9422,9423,9433,9434,9436,9444,9445,
9446,9447,9449,9450,9453,9456,9457,9462,9463,9478,9486,9489,9492,9494,9502,9503,9505,9512,
9516,9517,9518,9520,9524,9525,9528,9539,9563,9564,9565,9570,9576,9579,9590,9618,9642,9648,
9651,9652,9653,9655,9662,9672,9679,9682,9683,9690,9692,9695,9696,9699,9701,9705,9707,9709,
9716,9717,9721,9722,9728,9738,9740,9741,9745,9746,9751,9753,9757,9762,9769,9771,9774,9777,
9778,9781,9786,9787,9788,9789,9795,9796,9797,9802,9804,9807,9811,9814,9815,9817,9824,9833,
9849,9850,9872,9878,9879,9887,9888,9891,9894,9895,9901,9904,9915,9924,9925,9938,9939,9944,
9945,9947,9962,9964,9986,9987,9990,9991,9996,10001,10004,10006,10008,10011,10016,10017,10030,
10031,10037,10039,10043,10044,10046,10070,10072,10076,10077,10082,10087,10098,10103,10114,
10119,10120,10121,10124,10130,10138,10142,10143,10147,10149,10152,10160,10162,10164,10173,
10176,10178,10181,10183,10184,10188,10198,10202,10207,10210,10222,10233,10238,10254,10256,
10257,10259,10269,10270,10286,10288,10292,10294,10297,10301,10303,10305,10310,10312,10314,
10320,10321,10326,10337,10339,10340,10341,10360,10365,10367,10378,10380,10383,10385,10387,
10388,10391,10394,10396,10397,10402,10403,10408,10413,10415,10418,10420,10434,10435,10438,
10439,10445,10446,10448,10454,10457,10459,10463,10465,10474,10477,10483,10485,10492,10494,
10495,10503,10513,10516,10517,10518,10519,10524,10527,10531,10532,10536,10537,10540,10543,
10548,10552,10553,10556,10561,10565,10567,10583,10588,10591,10592,10595,10599,10600,10601,
10603,10608,10610,10612,10620,10625,10628,10630,10636,10649,10658,10666,10667,10670,10676,
10682,10683,10685,10696,10697,10702,10707,10708,10711,10714,10719,10720,10734,10745,10746,
10753,10761,10770,10780,10786,10791,10795,10799,10800,10801,10814,10815,10819,10823,10825,
10827,10830,10836,10837,10838,10857,10858,10862,10863,10864,10867,10868,10885,10889,10893,
10900,10902,10906,10911,10916,10918,10921,10923,10924,10925,10931,10934,10937,10943,10944,
10956,10959,10963,10974,10975,10977,10981,10989,10991,10994,10996,11005,11008,11009,11011,
11012,11016,11023,11024,11029,11031,11032,11033,11035,11036,11043,11044,11047,11056,11060,
11071,11073,11074,11079,11081,11082,11084,11088,11090,11093,11096,11099,11102,11103,11104,
11106,11109,11116,11119,11124,11128,11131,11139,11141,11142,11143,11145,11150,11152,11159,
11160,11162,11169,11171,11172,11173,11180,11182,11186,11193,11198,11200,11201,11208,11214,
11220,11222,11223,11224,11225,11227,11229,11230,11234,11235,11238,11240,11243,11253,11254,
11255,11260,11265,11268,11272,11274,11275,11276,11281,11285,11286,11288,11290,11291,11292,
11295,11299,11301,11302,11305,11307,11311,11314,11322,11326,11327,11333,11342,11344,11345,
11357,11369,11375,11376,11384,11387,11388,11389,11392,11397,11404,11406,11416,11419,11421,
11422,11424,11434,11437,11444,11449,11459,11463,11477,11490,11495,11498,11499,11500,11503,
11505,11512,11528,11534,11538,11542,11543,11548,11559,11566,11567,11571,11572,11573,11575,
11576,11579,11583,11584,11590,11591,11594,11597,11604,11610,11620,11650,11651,11652,11678,
11686,11690,11691,11697,11699,11700,11705,11706,11709,11712,11734,11738,11743,11744,11752,
11758,11760,11765,11768,11776,11777,11778,11780,11791,11795,11796,11798,11800,11812,11814,
11815,11819,11821,11825,11832,11834,11850,11853,11874,11895,11909,11912,11916,11949,11952,
11955,11962,11963,11967,11970,11999,12002,12004,12005,12012,12016,12019,12025,12028,12034,
12035,12053,12054,12077,12083,12091,12099,12104,12107,12131,12132,12147,12154,12168,12170,
12172,12175,12178,12184,12185,12200,12202,12211,12213,12221,12226,12229,12231,12233,12249,
12265,12267,12271,12272,12273,12275,12279,12282,12287,12289,12290,12300,12306,12309,12318,
12336,12363,12375,12376,12378,12384,12392,12395,12406,12415,12424,12427,12432,12433,12435,
12437,12443,12448,12474,12479,12483,12484,12491,12494,12497,12505,12515,12523,12526,12545,
12546,12565,12566,12569,12573,12577,12607,12608,12609,12613,12614,12619,12622,12623,12628,
12630,12631,12634,12635,12647,12648,12650,12651,12670,12691,12698,12699,12706,12707,12715,
12718,12719,12728,12731,12737,12740,12759,12762,12769,12775,12777,12791,12797,12799,12800,
12811,12817,12821,12825,12826,12846,12847,12861,12866,12873,12886,12888,12891,12895,12896,
12899,12902,12904,12905,12907,12912,12914,12921,12935,12936,12945,12950,12951,12957,12969,
12990,12999,13007,13012,13013,13018,13030,13039,13044,13046,13051,13064,13076,13081,13090,
13091,13102,13115,13117,13127,13140,13148,13158,13159,13161,13165,13167,13168,13172,13173,
13175,13178,13182,13227,13229,13234,13290,13306,13312,13314,13318,13320,13324,13325,13327,
13329,13336,13338,13343,13346,13349,13360,13363,13366,13369,13370,13374,13379,13387,13388,
13396,13402,13403,13410,13416,13417,13418,13419,13420,13421,13425,13434,13439,13447,13462,
13470,13479,13484,13485,13487,13488,13495,13506,13508,13510,13515,13516,13520,13524,13540,
13541,13542,13544,13550,13556,13562,13568,13569,13573,13590,13595,13615,13616,13617,13622,
13625,13634,13637,13642,13644,13645,13653,13654,13663,13664,13670,13682,13683,13688,13698,
13700,13715,13717,13718,13719,13725,13733,13735,13736,13739,13742,13747,13749,13756,13757,
13765,13776,13786,13787,13790,13794,13799,13803,13810,13817,13824,13826,13832,13835,13837,
13839,13857,13867,13869,13873,13875,13877,13880,13891,13892,13897,13902,13909,13915,13924,
13927,13929,13947,13955,13959,13962,13965,13975,13981,13984,13987,13991,14006,14010,14015,
14024,14027,14034,14037,14046,14064,14066,14070,14071,14075,14076,14082,14087,14088,14090,
14101,14102,14103,14104,14105,14106,14113,14114,14121,14129,14130,14131,14142,14144,14147,
14153,14154,14155,14157,14160,14162,14172,14173,14175,14180,14181,14183,14184,14201,14202,
14207,14209,14221,14229,14233,14235,14240,14249,14250,14254,14260,14269,14270,14278,14280,
14284,14288,14292,14293,14298,14303,14305,14308,14311,14312,14313,14321,14326,14328,14332,
14339,14340,14350,14355,14356,14361,14362,14363,14365,14367,14368,14369,14376,14379,14380,
14389,14393,14396,14404,14405,14407,14413,14415,14416,14417,14420,14422,14427,14429,14430,
14438,14445,14446,14447,14450,14456,14458,14460,14461,14463,14464,14469,14471,14476,14477,
14479,14481,14484,14486,14487,14488,14489,14490,14491,14497,14502,14503,14514,14518,14519,
14521,14530,14534,14539,14541,14543,14545,14549,14552,14557,14558,14561,14563,14567,14572,
14584,14587,14591,14597,14603,14613,14616,14622,14623,14625,14631,14632,14633,14638,14640,
14642,14643,14644,14649,14651,14653,14654,14655,14659,14665,14667,14669,14674,14676,14682,
14685,14686,14693,14695,14698,14700,14713,14718,14725,14727,14728,14740,14741,14747,14748,
14749,14756,14762,14767,14769,14776,14782,14784,14786,14791,14795,14798,14801,14804,14809,
14810,14813,14814,14816,14818,14820,14822,14823,14839,14840,14844,14848,14854,14857,14859,
14864,14866,14871,14879,14880,14882,14890,14894,14895,14906,14912,14918,14927,14932,14936,
14937,14944,14949,14953,14960,14963,14965,14966,14970,14974,14975,14979,14981,14989,15000,
15014,15019,15021,15022,15023,15026,15028,15030,15031,15033,15034,15035,15038,15040,15042,
15045,15052,15053,15059,15068,15076,15078,15080,15087,15088,15089,15094,15097,15105,15107,
15110,15114,15125,15128,15130,15131,15132,15133,15134,15137,15138,15143,15146,15150,15152,
15158,15160,15162,15165,15175,15176,15178,15179,15187,15189,15190,15194,15202,15206,15212,
15218,15221,15222,15225,15228,15231,15232,15242,15244,15250,15252,15256,15260,15261,15264,
15265,15266,15268,15269,15270,15273,15278,15280,15284,15286,15287,15289,15290,15293,15294,
15295,15300,15301,15302,15316,15320,15326,15327,15328,15329,15336,15341,15344,15351,15359,
15362,15363,15367,15371,15384,15401,15402,15407,15411,15416,15417,15424,15439,15440,15451,
15456,15471,15480,15484,15486,15488,15489,15502,15503,15512,15521,15522,15532,15535,15536,
15541,15542,15543,15548,15554,15562,15566,15568,15569,15570,15571,15579,15580,15581,15591,
15592,15594,15596,15601,15603,15605,15607,15609,15612,15628,15635,15640,15645,15646,15650,
15674,15675,15680,15688,15695,15696,15698,15704,15707,15717,15718,15725,15732,15735,15748,
15753,15757,15759,15765,15767,15770,15779,15783,15784,15790,15793,15794,15796,15798,15806,
15809,15812,15818,15821,15824,15828,15835,15836,15841,15846,15858,15859,15861,15864,15866,
15867,15868,15870,15873,15876,15883,15888,15893,15894,15897,15898,15901,15904,15907,15908,
15911,15919,15942,15959,15967,15971,15985,15987,15991,15992,15995,16000,16007,16009,16013,
16016,16017,16024,16034,16035,16038,16048,16081,16089,16098,16104,16105,16123,16138,16147,
16150,16155,16165,16166,16167,16175,16190,16193,16197,16219,16220,16230,16232,16238,16245,
16250,16270,16274,16282,16284,16297,16323,16329,16343,16344,16348,16350,16352,16361,16364,
16365,16367,16373,16375,16381,16383,16386,16388,16391,16392,16397,16400,16407,16408,16412,
16415,16416,16420,16421,16425,16427,16433,16434,16445,16450,16451,16458,16470,16475,16479,
16481,16485,16487,16490,16494,16498,16505,16507,16511,16521,16522,16523,16524,16527,16528,
16534,16535,16536,16537,16539,16543,16544,16548,16562,16567,16570,16575,16576,16577,16578,
16580,16588,16590,16594,16600,16601,16604,16605,16631,16648,16650,16651,16655,16657,16664,
16667,16671,16678,16679,16683,16687,16688,16689,16693,16698,16711,16717,16725,16728,16735,
16739,16743,16748,16750,16751,16754,16756,16760,16764,16765,16769,16779,16785,16789,16790,
16798,16799,16805,16806,16807,16820,16829,16830,16832,16840,16846,16852,16853,16855,16857,
16867,16873,16876,16892,16893,16898,16904,16908,16910,16916,16930,16932,16941,16944,16947,
16949,16955,16960,16962,16965,16970,16972,16992,16998,16999,17007,17020,17022,17023,17025,
17027,17029,17033,17036,17037,17038,17043,17044,17048,17059,17063,17079,17081,17090,17097,
17098,17104,17113,17122,17126,17129,17133,17143,17150,17158,17161,17166,17171,17178,17180,
17184,17188,17192,17196,17197,17200,17218,17222,17231,17234,17242,17244,17248,17251,17253,
17255,17262,17268,17273,17274,17277,17295,17306,17307,17312,17313,17317,17321,17323,17325,
17327,17330,17337,17350,17352,17357,17359,17364,17371,17375,17377,17378,17385,17388,17396,
17400,17404,17406,17410,17422,17423,17434,17435,17437,17441,17442,17443,17456,17461,17465,
17474,17477,17486,17487,17495,17498,17499,17508,17521,17525,17531,17533,17534,17535,17536,
17540,17541,17543,17545,17570,17574,17576,17580,17581,17585,17586,17588,17591,17592,17594,
17599,17607,17608,17611,17615,17624,17633,17636,17637,17653,17655,17657,17659,17661,17663,
17668,17672,17674,17679,17682,17685,17686,17691,17702,17707,17709,17713,17719,17722,17729,
17731,17744,17747,17751,17759,17762,17766,17771,17772,17779,17783,17784,17786,17787,17790,
17798,17802,17810,17811,17826,17828,17830,17835,17838,17840,17849,17851,17853,17854,17855,
17862,17864,17865,17866,17871,17872,17873,17878,17879,17886,17887,17889,17892,17893,17894,
17897,17898,17899,17904,17910,17911,17912,17921,17924,17926,17928,17931,17932,17933,17942,
17943,17945,17946,17949,17959,17961,17963,17965,17966,17969,17973,17974,17989,17997,18002,
18004,18005,18006,18008,18012,18018,18019,18020,18022,18025,18026,18031,18036,18037,18057,
18058,18061,18065,18066,18069,18076,18083,18087,18094,18097,18100,18104,18105,18106,18112,
18131,18134,18136,18138,18140,18145,18149,18150,18154,18161,18162,18164,18168,18171,18174,
18175,18180,18182,18183,18186,18191,18193,18195,18199,18201,18205,18211,18215,18216,18224,
18225,18227,18230,18235,18243,18252,18255,18260,18264,18265,18266,18269,18271,18278,18279,
18282,18306,18310,18314,18316,18317,18322,18326,18331,18333,18337,18341,18344,18349,18351,
18355,18363,18364,18369,18373,18383,18387,18388,18399,18404,18411,18424,18435,18437,18438,
18440,18447,18455,18457,18465,18473,18474,18482,18483,18484,18490,18495,18498,18501,18505,
18508,18510,18537,18540,18547,18549,18554,18556,18560,18568,18578,18589,18591,18600,18601,
18602,18606,18616,18620,18621,18625,18626,18634,18636,18644,18648,18649,18656,18668,18680,
18682,18685,18698,18704,18708,18709,18712,18721,18722,18734,18742,18747,18755,18782,18789,
18790,18793,18796,18800,18802,18810,18819,18822,18826,18833,18867,18871,18872,18882,18887,
18892,18898,18906,18921,18922,18949,18950,18952,18959,18966,18983,18988,18996,19007,19016,
19018,19029,19030,19037,19044,19055,19056,19058,19060,19065,19066,19070,19104,19105,19111,
19120,19122,19129,19130,19135,19137,19139,19146,19147,19151,19156,19157,19158,19160,19175,
19183,19194,19204,19206,19213,19214,19218,19222,19229,19236,19247,19249,19261,19266,19274,
19278,19295,19297,19303,19318,19320,19325,19336,19338,19355,19373,19377,19388,19396,19402,
19403,19407,19416,19447,19469,19505,19509,19520,19521,19525,19526,19532,19533,19554,19567,
19571,19576,19591,19606,19607,19621,19627,19629,19637,19641,19642,19643,19651,19653,19656,
19657,19664,19671,19688,19692,19694,19696,19702,19706,19711,19715,19716,19721,19723,19733,
19735,19737,19745,19760,19775,19779,19783,19792,19817,19827,19828,19834,19835,19837,19843,
19844,19854,19863,19868,19873,19877,19879,19884,19885,19890,19895,19896,19897,19904,19913,
19915,19920,19927,19929,19936,19937,19942,19949,19956,19962,19963,19964,19967,19970,19974,
19989,19996,20013,20024,20026,20028,20029,20035,20036,20044,20045,20046,20074,20080,20086,
20092,20093,20103,20112,20128,20129,20130,20134,20138,20139,20145,20146,20148,20149,20150,
20156,20164,20166,20178,20181,20185,20186,20192,20201,20207,20211,20212,20213,20223,20225,
20226,20227,20231,20232,20240,20243,20249,20251,20253,20254,20258,20259,20260,20264,20267,
20271,20274,20279,20281,20284,20286,20288,20291,20292,20294,20297,20302,20310,20313,20320,
20325,20330,20334,20341,20344,20348,20352,20356,20357,20366,20369,20371,20374,20377,20382,
20384,20390,20399,20401,20404,20406,20410,20414,20420,20422,20423,20425,20439,20442,20443,
20445,20446,20449,20453,20454,20461,20468,20486,20490,20493,20496,20500,20507,20508,20511,
20512,20516,20517,20525,20536,20540,20541,20545,20547,20551,20552,20555,20556,20557,20563,
20564,20569,20571,20578,20579,20583,20591,20595,20597,20599,20607,20608,20610,20612,20614,
20617,20618,20625,20629,20630,20633,20637,20649,20653,20658,20692,20695,20697,20700,20705,
20710,20711,20713,20715,20719,20725,20727,20728,20732,20734,20735,20738,20740,20742,20744,
20745,20753,20754,20758,20761,20762,20763,20764,20765,20782,20783,20786,20790,20791,20792,
20795,20809,20812,20816,20818,20827,20829,20832,20833,20835,20850,20853,20860,20862,20864,
20870,20877,20886,20889,20894,20895,20896,20900,20902,20906,20908,20909,20913,20915,20917,
20919,20931,20932,20937,20940,20942,20943,20955,20956,20960,20970,20974,20975,20977,20979,
20982,20983,20985,20986,20991,21000,21013,21015,21019,21024,21028,21032,21037,21038,21050,
21052,21055,21059,21061,21068,21070,21071,21075,21087,21100,21104,21108,21110,21112,21121,
21122,21131,21135,21141,21142,21146,21152,21162,21165,21170,21173,21174,21177,21182,21186,
21188,21191,21200,21202,21209,21213,21214,21221,21223,21229,21235,21236,21238,21241,21243,
21245,21247,21250,21269,21278,21281,21282,21284,21287,21306,21309,21311,21314,21322,21324,
21329,21332,21337,21340,21341,21346,21349,21353,21355,21357,21359,21362,21370,21384,21402,
21406,21416,21422,21434,21436,21441,21467,21471,21489,21490,21495,21497,21499,21507,21516,
21523,21540,21565,21566,21569,21578,21581,21587,21590,21611,21613,21619,21620,21622,21624,
21629,21632,21634,21642,21647,21648,21650,21655,21660,21661,21663,21675,21678,21679,21681,
21682,21684,21686,21689,21697,21700,21701,21704,21705,21706,21711,21713,21714,21716,21720,
21722,21724,21725,21729,21735,21738,21757,21767,21786,21792,21805,21811,21816,21818,21835,
21850,21853,21862,21864,21865,21866,21869,21871,21876,21878,21879,21880,21883,21886,21894,
21895,21896,21898,21905,21906,21908,21912,21915,21918,21921,21931,21933,21934,21937,21947,
21957,21959,21961,21962,21966,21978,21985,21986,21990,21996,21997,22001,22002,22010,22013,
22015,22018,22023,22026,22028,22041,22043,22047,22052,22053,22058,22069,22072,22077,22084,
22085,22086,22088,22090,22112,22114,22116,22121,22126,22130,22132,22139,22143,22145,22147,
22151,22152,22155,22156,22159,22163,22168,22172,22174,22175,22180,22186,22189,22196,22197,
22198,22205,22210,22219,22224,22225,22229,22232,22235,22238,22239,22240,22245,22246,22248,
22249,22254,22255,22261,22267,22270,22272,22276,22277,22279,22282,22288,22290,22293,22298,
22318,22321,22323,22324,22327,22330,22335,22336,22347,22348,22351,22366,22371,22377,22378,
22386,22391,22392,22394,22401,22406,22413,22420,22421,22428,22430,22433,22438,22445,22452,
22460,22463,22466,22467,22472,22477,22478,22485,22505,22509,22510,22511,22512,22515,22517,
22518,22519,22520,22522,22529,22532,22534,22538,22544,22545,22547,22548,22550,22551,22552,
22555,22558,22565,22568,22570,22573,22577,22578,22579,22580,22596,22599,22604,22606,22611,
22620,22621,22623,22626,22628,22630,22631,22634,22637,22641,22644,22648,22654,22657,22658,
22660,22666,22668,22675,22676,22677,22690,22697,22699,22704,22706,22708,22714,22719,22721,
22722,22728,22730,22731,22732,22733,22736,22742,22745,22749,22751,22756,22757,22760,22765,
22766,22767,22768,22770,22773,22789,22796,22797,22803,22807,22814,22830,22834,22835,22836,
22844,22847,22848,22850,22856,22857,22863,22866,22867,22875,22876,22915,22917,22928,22929,
22930,22947,22952,22954,22961,22966,22967,22968,22970,22974,22979,22993,22999,23002,23005,
23008,23013,23014,23015,23016,23024,23034,23035,23043,23046,23051,23061,23065,23070,23075,
23079,23082,23083,23084,23089,23095,23102,23103,23104,23105,23110,23112,23115,23118,23121,
23125,23127,23128,23131,23132,23141,23142,23148,23151,23157,23160,23170,23176,23195,23196,
23206,23207,23208,23214,23215,23233,23240,23242,23270,23272,23273,23277,23284,23293,23297,
23303,23307,23310,23320,23324,23331,23334,23336,23337,23346,23352,23353,23359,23363,23368,
23369,23374,23386,23394,23397,23404,23423,23428,23432,23437,23449,23461,23466,23471,23485,
23486,23488,23490,23502,23508,23516,23523,23526,23542,23544,23546,23558,23567,23584,23587,
23590,23595,23598,23607,23623,23633,23645,23649,23650,23651,23652,23654,23672,23700,23715,
23730,23736,23737,23738,23739,23742,23748,23764,23766,23772,23780,23787,23790,23809,23821,
23826,23843,23851,23855,23865,23880,23888,23911,23936,23937,23951,23962,23964,23966,23972,
23977,23985,23986,23991,24002,24010,24028,24033,24037,24038,24039,24043,24050,24051,24053,
24057,24058,24061,24076,24080,24082,24085,24088,24095,24096,24097,24099,24102,24103,24108,
24113,24120,24121,24128,24129,24133,24137,24140,24149,24154,24155,24158,24164,24165,24168,
24170,24184,24189,24192,24199,24201,24208,24210,24213,24214,24215,24217,24224,24227,24231,
24232,24238,24240,24245,24246,24248,24253,24254,24264,24267,24268,24272,24275,24276,24277,
24279,24291,24300,24302,24307,24309,24311,24312,24314,24316,24320,24333,24342,24343,24344,
24346,24347,24354,24356,24374,24377,24378,24386,24396,24397,24409,24410,24413,24416,24425,
24427,24429,24439,24446,24450,24451,24464,24467,24473,24478,24495,24499,24505,24506,24507,
24511,24513,24514,24518,24531,24535,24542,24547,24551,24555,24568,24572,24585,24596,24599,
24606,24610,24612,24616,24619,24620,24623,24625,24628,24629,24630,24634,24639,24645,24652,
24655,24657,24660,24662,24670,24672,24676,24679,24686,24689,24692,24693,24695,24696,24700,
24703,24704,24705,24709,24713,24715,24718,24720,24722,24725,24726,24733,24735,24736,24738,
24747,24751,24754,24756,24758,24759,24760,24765,24767,24780,24781,24782,24783,24790,24792,
24794,24801,24805,24809,24811,24817,24819,24824,24826,24829,24833,24834,24835,24839,24840,
24844,24845,24849,24852,24853,24856,24864,24865,24868,24870,24871,24872,24875,24876,24877,
24879,24883,24884,24885,24888,24890,24892,24894,24903,24907,24908,24912,24914,24917,24922,
24923,24925,24929,24930,24932,24935,24941,24942,24947,24948,24953,24960,24964,24967,24970,
24971,24972,24973,24975,24976,24977,24983,24986,24988,24991,24993,24994,24995,24996,25000,
25002,25004,25005,25010,25012,25013,25016,25017,25028,25030,25031,25032,25033,25035,25038,
25044,25053,25058,25061,25063,25065,25067,25068,25069,25070,25072,25073,25077,25079,25080,
25081,25082,25093,25096,25098,25103,25105,25113,25115,25119,25128,25130,25134,25135,25141,
25142,25144,25150,25151,25154,25158,25160,25165,25166,25168,25181,25186,25189,25196,25198,
25199,25203,25217,25219,25228,25231,25232,25233,25234,25236,25237,25248,25250,25255,25263,
25268,25276,25283,25285,25291,25292,25293,25298,25309,25316,25327,25341,25343,25346,25349,
25352,25353,25354,25356,25361,25366,25375,25380,25387,25389,25401,25402,25403,25410,25414,
25419,25428,25429,25430,25436,25446,25452,25457,25458,25469,25472,25476,25489,25490,25494,
25502,25505,25532,25535,25536,25545,25546,25551,25555,25560,25574,25586,25588,25606,25611,
25622,25623,25634,25637,25647,25648,25649,25652,25657,25672,25674,25677,25689,25696,25703,
25709,25712,25713,25729,25730,25741,25768,25774,25777,25784,25785,25795,25796,25799,25801,
25803,25814,25816,25820,25827,25828,25830,25833,25835,25838,25840,25843,25850,25851,25859,
25860,25861,25866,25867,25876,25878,25883,25903,25915,25919,25923,25926,25927,25939,25940,
25945,25957,25959,25964,25992,25994,25997,25999,26006,26012,26019,26020,26022,26023,26031,
26037,26040,26049,26075,26098,26103,26105,26107,26115,26117,26124,26125,26133,26135,26136,
26142,26146,26149,26152,26155,26156,26157,26158,26159,26164,26172,26179,26186,26190,26192,
26195,26209,26212,26220,26229,26234,26236,26237,26244,26250,26252,26253,26255,26259,26266,
26269,26271,26283,26284,26288,26289,26295,26301,26302,26305,26306,26320,26329,26332,26335,
26337,26340,26341,26345,26347,26348,26349,26361,26373,26374,26378,26390,26392,26397,26407,
26426,26428,26433,26435,26438,26439,26441,26444,26447,26456,26458,26459,26465,26472,26487,
26491,26498,26499,26501,26502,26506,26507,26509,26512,26522,26528,26536,26551,26555,26563,
26572,26576,26579,26582,26583,26584,26596,26597,26600,26602,26613,26616,26625,26628,26629,
26633,26637,26639,26641,26649,26658,26660,26663,26667,26669,26670,26671,26674,26679,26683,
26703,26705,26706,26707,26708,26713,26714,26716,26718,26719,26722,26727,26728,26730,26734,
26735,26737,26740,26750,26751,26752,26753,26756,26757,26767,26778,26780,26787,26789,26790,
26798,26800,26803,26805,26808,26809,26811,26812,26818,26824,26832,26836,26837,26839,26842,
26846,26850,26857,26862,26863,26872,26887,26888,26893,26896,26902,26907,26908,26913,26921,
26922,26931,26934,26939,26940,26949,26955,26959,26961,26962,26966,26971,26974,26976,26979,
26984,26991,26992,27007,27011,27012,27016,27019,27024,27028,27033,27035,27036,27046,27047,
27050,27053,27059,27069,27072,27076,27082,27084,27089,27092,27095,27100,27101,27103,27107,
27118,27121,27134,27148,27152,27153,27156,27158,27160,27162,27166,27168,27169,27177,27184,
27188,27189,27196,27205,27214,27233,27245,27251,27252,27260,27261,27265,27266,27272,27273,
27274,27275,27276,27296,27297,27316,27368,27392,27401,27407,27408,27409,27414,27417,27422,
27423,27425,27434,27436,27438,27440,27450,27451,27456,27461,27462,27463,27465,27471,27482,
27484,27486,27491,27493,27498,27501,27509,27518,27523,27539,27547,27551,27555,27573,27575,
27582,27587,27602,27603,27607,27610,27627,27632,27667,27668,27669,27671,27684,27698,27705,
27707,27716,27728,27729,27745,27746,27748,27756,27761,27770,27774,27781,27783,27784,27785,
27787,27797,27805,27807,27821,27823,27825,27826,27832,27837,27847,27849,27851,27852,27862,
27869,27870,27872,27879,27883,27891,27893,27899,27903,27907,27911,27922,27928,27932,27933,
27938,27940,27941,27944,27949,27957,27959,27961,27963,27964,27965,27977,27978,27984,27998,
28015,28029,28041,28042,28046,28054,28057,28061,28064,28088,28092,28107,28112,28114,28117,
28119,28122,28134,28138,28143,28154,28160,28162,28166,28175,28176,28177,28188,28191,28199,
28204,28206,28208,28212,28215,28224,28225,28228,28229,28230,28234,28235,28237,28240,28241,
28256,28262,28264,28267,28269,28273,28274,28277,28292,28296,28300,28309,28311,28318,28323,
28324,28327,28331,28341,28343,28344,28349,28351,28352,28355,28358,28359,28361,28362,28368,
28369,28371,28373,28376,28377,28378,28383,28388,28389,28391,28400,28401,28403,28413,28415,
28416,28422,28430,28432,28449,28452,28454,28458,28463,28464,28469,28471,28473,28476,28486,
28500,28504,28507,28514,28517,28519,28528,28531,28536,28541,28547,28549,28551,28556,28557,
28562,28564,28568,28569,28573,28575,28577,28581,28582,28584,28586,28591,28595,28597,28600,
28601,28609,28612,28614,28616,28618,28622,28623,28633,28635,28636,28638,28639,28643,28646,
28647,28648,28650,28652,28656,28657,28658,28661,28667,28670,28672,28675,28679,28681,28684,
28703,28705,28708,28712,28713,28720,28730,28736,28738,28739,28742,28746,28752,28755,28762,
28771,28775,28780,28781,28782,28792,28794,28806,28810,28811,28812,28818,28819,28822,28823,
28829,28830,28833,28834,28838,28841,28844,28851,28853,28855,28865,28866,28870,28880,28882,
28883,28886,28889,28893,28895,28903,28907,28911,28914,28919,28921,28922,28923,28933,28934,
28939,28945,28950,28953,28959,28960,28961,28970,28972,28977,28983,28987,28988,28995,28996,
28997,28999,29000,29003,29016,29020,29040,29043,29045,29046,29049,29056,29063,29067,29077,
29089,29092,29093,29097,29102,29108,29139,29155,29168,29180,29181,29184,29199,29201,29202,
29203,29205,29207,29217,29219,29229,29237,29240,29241,29242,29246,29247,29249,29253,29258,
29260,29264,29267,29270,29273,29281,29289,29298,29299,29301,29303,29304,29305,29306,29308,
29310,29311,29312,29316,29321,29325,29336,29345,29347,29348,29349,29354,29356,29357,29360,
29366,29370,29372,29375,29379,29380,29381,29382,29387,29388,29395,29396,29399,29405,29412,
29413,29414,29426,29436,29439,29442,29449,29450,29461,29465,29472,29482,29483,29491,29493,
29497,29504,29510,29512,29517,29521,29530,29532,29540,29550,29559,29563,29576,29584,29589,
29590,29599,29600,29603,29607,29611,29612,29614,29615,29622,29626,29632,29638,29639,29641,
29646,29649,29650,29658,29661,29664,29669,29674,29675,29680,29681,29683,29698,29711,29714,
29715,29721,29724,29730,29731,29732,29735,29737,29748,29751,29754,29758,29759,29762,29765,
29767,29769,29770,29773,29780,29782,29783,29787,29788,29789,29790,29793,29803,29806,29808,
29809,29811,29816,29819,29821,29825,29826,29829,29830,29842,29846,29847,29850,29852,29857,
29863,29864,29865,29868,29869,29871,29873,29877,29880,29885,29886,29892,29893,29895,29899,
29900,29903,29904,29908,29911,29915,29916,29922,29928,29932,29943,29944,29951,29954,29956,
29958,29966,29980,29990,29997,29998,30000,30002,30007,30009,30014,30019,30025,30031,30034,
30037,30044,30046,30050,30051,30055,30057,30062,30073,30076,30082,30092,30099,30104,30110,
30111,30117,30127,30133,30148,30150,30166,30168,30171,30175,30176,30178,30179,30183,30188,
30190,30199,30207,30237,30241,30247,30260,30270,30272,30281,30285,30289,30291,30296,30297,
30300,30306,30307,30308,30311,30315,30319,30332,30342,30343,30346,30348,30351,30356,30367,
30368,30377,30379,30386,30389,30397,30404,30410,30417,30420,30436,30440,30467,30471,30476,
30481,30486,30487,30488,30494,30503,30508,30511,30530,30533,30536,30540,30542,30565,30566,
30569,30572,30573,30578,30588,30591,30602,30614,30624,30634,30639,30655,30656,30662,30676,
30686,30687,30703,30704,30717,30719,30738,30739,30746,30755,30757,30759,30767,30775,30798,
30808,30812,30826,30827,30829,30833,30835,30846,30856,30860,30862,30872,30893,30895,30897,
30899,30917,30924,30925,30927,30936,30944,30945,30959,30970,30973,30974,30979,31008,31009,
31016,31019,31025,31029,31035,31037,31047,31061,31065,31086,31092,31106,31107,31114,31117,
31122,31127,31134,31136,31139,31150,31151,31156,31160,31165,31170,31171,31181,31182,31192,
31199,31202,31203,31215,31219,31231,31240,31241,31248,31250,31252,31266,31267,31272,31273,
31279,31280,31287,31298,31299,31301,31306,31311,31314,31317,31323,31331,31332,31340,31345,
31346,31350,31353,31357,31386,31387,31395,31399,31402,31405,31410,31413,31415,31416,31421,
31429,31431,31434,31436,31443,31446,31447,31456,31462,31463,31467,31474,31478,31479,31481,
31482,31487,31488,31498,31500,31507,31510,31513,31517,31526,31528,31529,31534,31535,31537,
31543,31544,31547,31548,31550,31552,31561,31564,31566,31567,31570,31575,31577,31578,31584,
31585,31587,31590,31592,31595,31599,31600,31605,31608,31619,31620,31623,31624,31628,31629,
31631,31632,31634,31635,31640,31641,31643,31645,31651,31652,31659,31662,31665,31669,31672,
31673,31674,31675,31676,31679,31682,31683,31690,31694,31695,31702,31704,31706,31710,31724,
31725,31729,31732,31734,31742,31744,31752,31756,31763,31764,31769,31790,31796,31797,31799,
31804,31821,31825,31842,31850,31853,31858,31864,31867,31875,31876,31887,31893,31897,31903,
31905,31909,31912,31913,31914,31915,31916,31919,31924,31925,31926,31930,31931,31933,31934,
31939,31942,31946,31948,31949,31962,31965,31966,31967,31968,31974,31981,31987,31988,31989,
31993,31999,32003,32004,32021,32034,32052,32053,32055,32056,32060,32080,32088,32094,32095,
32102,32106,32110,32115,32119,32135,32141,32143,32151,32152,32154,32160,32170,32172,32173,
32174,32182,32184,32188,32189,32190,32192,32196,32197,32204,32208,32210,32211,32215,32220,
32221,32229,32234,32235,32242,32243,32254,32256,32262,32277,32278,32285,32290,32306,32332,
32333,32339,32344,32352,32356,32360,32361,32364,32368,32373,32375,32382,32391,32394,32399,
32405,32413,32422,32425,32431,32435,32437,32438,32440,32443,32445,32446,32448,32452,32459,
32460,32468,32469,32473,32474,32475,32477,32482,32485,32489,32493,32495,32497,32501,32508,
32517,32522,32534,32537,32539,32542,32545,32547,32551,32557,32562,32576,32577,32580,32581,
32588,32591,32599,32602,32612,32613,32615,32620,32621,32627,32630,32635,32639,32647,32654,
32657,32659,32662,32669,32671,32674,32683,32684,32699,32700,32703,32704,32708,32711,32714,
32715,32722,32725,32734,32735,32736,32739,32743,32758,32761,32767,32774,32781,32786,32787,
32788,32791,32799,32800,32805,32814,32816,32822,32823,32832,32833,32835,32836,32842,32843,
32847,32849,32850,32853,32856,32857,32862,32863,32867,32877,32878,32887,32895,32898,32914,
32916,32917,32919,32927,32955,32959,32961,32966,32971,32984,32985,32989,32990,33006,33007,
33013,33016,33018,33019,33021,33023,33024,33027,33029,33032,33037,33040,33046,33048,33058,
33060,33072,33075,33080,33085,33088,33090,33097,33101,33108,33111,33121,33122,33127,33129,
33137,33160,33161,33169,33174,33178,33181,33184,33193,33194,33203,33207,33210,33218,33219,
33225,33235,33237,33241,33242,33259,33267,33275,33315,33317,33318,33320,33326,33329,33336,
33343,33364,33366,33373,33391,33395,33396,33406,33409,33410,33416,33418,33420,33424,33434,
33443,33449,33452,33453,33459,33461,33462,33473,33475,33486,33507,33510,33511,33516,33534,
33540,33542,33545,33550,33556,33566,33571,33575,33579,33586,33589,33599,33610,33611,33616,
33618,33640,33654,33658,33659,33662,33663,33666,33671,33672,33673,33674,33678,33694,33698,
33700,33708,33711,33721,33727,33731,33733,33743,33750,33758,33767,33768,33772,33791,33792,
33793,33800,33817,33821,33827,33831,33838,33839,33845,33847,33848,33849,33852,33861,33867,
33872,33879,33884,33893,33902,33904,33907,33919,33928,33931,33934,33937,33938,33939,33943,
33945,33947,33948,33961,33974,33978,33980,33981,33995,34000,34001,34002,34004,34008,34014,
34016,34018,34029,34030,34031,34038,34041,34042,34049,34050,34059,34064,34065,34066,34068,
34075,34080,34085,34090,34092,34093,34101,34108,34118,34122,34125,34126,34136,34139,34141,
34143,34145,34149,34150,34152,34161,34162,34164,34165,34169,34172,34174,34185,34187,34188,
34189,34190,34199,34203,34205,34207,34213,34218,34221,34225,34233,34234,34237,34242,34243,
34249,34250,34255,34257,34265,34266,34268,34271,34278,34281,34290,34295,34300,34302,34303,
34306,34308,34318,34320,34322,34326,34327,34334,34336,34338,34345,34349,34353,34364,34374,
34377,34378,34379,34384,34389,34393,34397,34398,34402,34404,34406,34414,34418,34422,34424,
34427,34431,34442,34449,34463,34466,34467,34472,34473,34479,34483,34492,34494,34495,34504,
34506,34508,34513,34519,34520,34521,34526,34535,34536,34537,34538,34548,34554,34556,34558,
34562,34563,34577,34581,34585,34586,34602,34614,34617,34624,34627,34631,34632,34637,34641,
34644,34657,34663,34665,34686,34695,34726,34729,34748,34749,34751,34755,34756,34760,34761,
34762,34767,34775,34782,34784,34787,34797,34803,34807,34812,34823,34829,34830,34831,34838,
34848,34863,34864,34875,34876,34879,34880,34887,34888,34891,34893,34895,34906,34909,34922,
34923,34927,34928,34933,34935,34936,34938,34943,34950,34967,34975,34977,34989,34991,34996,
34999,35000,35014,35025,35026,35028,35034,35045,35046,35056,35060,35066,35072,35076,35078,
35089,35093,35095,35106,35107,35108,35109,35125,35129,35136,35139,35140,35143,35146,35154,
35162,35171,35173,35175,35181,35196,35197,35198,35199,35205,35212,35213,35220,35226,35230,
35231,35232,35238,35246,35247,35253,35256,35258,35260,35264,35266,35269,35274,35276,35279,
35283,35285,35288,35300,35301,35303,35304,35306,35313,35316,35319,35321,35328,35329,35330,
35335,35337,35339,35348,35350,35359,35361,35362,35363,35366,35369,35372,35373,35377,35379,
35382,35383,35408,35416,35420,35421,35423,35435,35436,35437,35438,35447,35448,35450,35452,
35464,35474,35475,35485,35488,35495,35498,35503,35510,35513,35518,35525,35527,35533,35538,
35539,35565,35568,35569,35576,35577,35581,35583,35591,35594,35595,35597,35604,35610,35614,
35624,35636,35643,35647,35653,35667,35681,35692,35699,35715,35716,35718,35725,35729,35740,
35745,35752,35753,35762,35780,35783,35786,35787,35800,35805,35812,35819,35820,35832,35834,
35835,35836,35837,35838,35840,35843,35857,35858,35865,35869,35870,35876,35877,35889,35910,
35921,35932,35938,35940,35946,35962,35965,35966,35968,35978,35980,35983,35994,35995,36009,
36027,36031,36034,36048,36052,36054,36059,36060,36064,36067,36068,36074,36075,36082,36087,
36091,36096,36099,36100,36101,36103,36108,36112,36114,36115,36122,36129,36130,36146,36151,
36157,36162,36171,36173,36174,36181,36185,36187,36189,36191,36193,36194,36195,36206,36209,
36210,36212,36219,36220,36222,36228,36233,36240,36244,36249,36254,36255,36256,36263,36264,
36271,36275,36276,36280,36281,36285,36286,36293,36294,36303,36309,36319,36327,36328,36333,
36337,36340,36345,36349,36358,36365,36368,36372,36376,36378,36392,36395,36396,36399,36403,
36411,36412,36414,36415,36416,36418,36419,36426,36428,36429,36432,36433,36435,36436,36442,
36444,36445,36448,36449,36456,36459,36463,36464,36467,36469,36471,36477,36479,36481,36483,
36488,36489,36491,36492,36493,36499,36503,36505,36507,36509,36518,36524,36525,36526,36530,
36534,36541,36543,36546,36547,36549,36552,36557,36559,36561,36566,36572,36584,36586,36593,
36600,36602,36613,36615,36616,36617,36628,36629,36631,36633,36636,36643,36645,36646,36647,
36653,36658,36662,36674,36679,36680,36687,36694,36695,36699,36700,36705,36707,36711,36713,
36714,36736,36737,36741,36742,36743,36748,36751,36761,36774,36776,36780,36781,36783,36786,
36788,36790,36803,36809,36811,36812,36813,36821,36825,36831,36848,36849,36854,36860,36871,
36875,36878,36888,36891,36904,36907,36918,36924,36934,36964,36968,36969,36970,36973,36975,
36984,36985,36986,36988,36999,37001,37002,37003,37014,37015,37024,37028,37031,37034,37038,
37040,37049,37050,37053,37056,37060,37077,37078,37083,37088,37102,37108,37114,37123,37125,
37140,37141,37143,37146,37147,37161,37164,37174,37176,37177,37178,37180,37181,37183,37185,
37186,37189,37192,37200,37201,37209,37210,37215,37216,37222,37224,37226,37229,37237,37238,
37242,37245,37248,37253,37254,37256,37258,37259,37265,37272,37286,37291,37296,37297,37303,
37306,37307,37308,37326,37334,37337,37345,37355,37357,37363,37376,37377,37378,37381,37382,
37392,37393,37394,37398,37403,37404,37406,37410,37412,37414,37417,37423,37426,37430,37435,
37436,37446,37447,37451,37464,37467,37469,37470,37477,37480,37483,37486,37487,37490,37491,
37492,37515,37518,37521,37526,37530,37541,37542,37546,37550,37551,37554,37557,37574,37578,
37582,37584,37593,37598,37599,37601,37607,37609,37628,37630,37631,37637,37640,37642,37651,
37662,37667,37670,37672,37685,37686,37703,37704,37718,37730,37733,37737,37743,37747,37749,
37760,37775,37777,37782,37783,37786,37794,37798,37820,37831,37832,37850,37874,37914,37916,
37918,37920,37922,37923,37929,37931,37934,37945,37949,37952,37956,37969,37979,37981,37985,
37987,37990,38016,38041,38044,38054,38057,38058,38059,38062,38066,38067,38068,38081,38087,
38090,38103,38116,38126,38140,38168,38182,38183,38191,38213,38216,38221,38232,38242,38244,
38246,38253,38263,38264,38266,38276,38285,38301,38314,38327,38331,38334,38336,38337,38342,
38345,38348,38350,38364,38365,38366,38373,38389,38393,38399,38409,38412,38418,38419,38421,
38432,38441,38445,38451,38460,38461,38463,38468,38471,38480,38483,38484,38487,38493,38496,
38498,38503,38504,38511,38517,38522,38523,38530,38531,38534,38535,38537,38538,38544,38546,
38548,38556,38558,38559,38563,38567,38574,38576,38577,38584,38587,38588,38590,38593,38610,
38616,38618,38620,38622,38623,38631,38632,38635,38640,38646,38648,38673,38677,38679,38680,
38681,38691,38702,38708,38712,38722,38724,38732,38743,38747,38750,38751,38753,38757,38759,
38766,38770,38779,38783,38784,38786,38787,38788,38789,38798,38806,38807,38809,38812,38813,
38814,38823,38824,38831,38834,38835,38839,38843,38854,38858,38863,38881,38884,38885,38886,
38888,38893,38901,38910,38922,38940,38941,38942,38943,38947,38950,38953,38956,38957,38963,
38967,38972,38981,38986,38991,39008,39014,39019,39028,39033,39034,39036,39038,39042,39046,
39047,39052,39058,39061,39063,39074,39079,39082,39083,39084,39086,39087,39088,39089,39096,
39097,39100,39106,39118,39123,39124,39126,39155,39164,39213,39215,39227,39229,39236,39240,
39241,39269,39271,39287,39290,39291,39293,39302,39305,39306,39307,39309,39313,39316,39323,
39327,39334,39338,39339,39342,39343,39355,39357,39358,39359,39360,39371,39376,39392,39393,
39404,39421,39422,39424,39436,39449,39451,39452,39458,39459,39466,39471,39475,39480,39482,
39483,39485,39487,39488,39491,39498,39500,39504,39509,39519,39522,39526,39545,39548,39552,
39555,39560,39565,39570,39572,39594,39597,39599,39612,39614,39616,39623,39624,39628,39631,
39635,39641,39652,39661,39667,39668,39672,39677,39681,39693,39695,39696,39701,39704,39706,
39709,39719,39720,39723,39725,39726,39727,39732,39739,39740,39749,39758,39760,39761,39768,
39771,39775,39776,39777,39778,39783,39795,39798,39801,39802,39812,39814,39815,39817,39824,
39829,39830,39831,39834,39840,39847,39848,39852,39861,39864,39880,39891,39894,39899,39900,
39902,39907,39910,39911,39912,39924,39927,39929,39933,39934,39947,39982,39984,39985,39991,
40012,40015,40016,40029,40038,40062,40069,40072,40078,40084,40086,40087,40091,40092,40095,
40096,40098,40099,40101,40107,40109,40135,40138,40151,40157,40160,40163,40165,40167,40170,
40180,40218,40219,40225,40226,40233,40249,40254,40264,40282,40283,40293,40304,40314,40317,
40322,40323,40328,40329,40331,40333,40338,40344,40349,40359,40361,40370,40371,40372,40384,
40391,40394,40402,40411,40431,40434,40442,40450,40454,40462,40467,40469,40477,40480,40489,
40506,40510,40515,40526,40527,40532,40533,40538,40545,40546,40547,40548,40554,40555,40562,
40564,40569,40571,40579,40580,40593,40598,40600,40601,40602,40609,40610,40617,40625,40626,
40630,40639,40649,40650,40652,40653,40656,40657,40662,40664,40666,40667,40668,40672,40674,
40675,40686,40687,40688,40691,40695,40713,40714,40716,40728,40729,40730,40732,40737,40742,
40750,40751,40752,40754,40755,40756,40760,40765,40782,40785,40790,40794,40798,40811,40815,
40821,40822,40824,40825,40830,40839,40843,40852,40854,40855,40859,40868,40873,40874,40880,
40887,40889,40893,40899,40900,40906,40911,40913,40915,40920,40927,40929,40933,40939,40952,
40965,40968,40972,40993,40995,40997,41001,41002,41011,41012,41013,41024,41025,41027,41033,
41036,41037,41039,41042,41059,41060,41073,41085,41092,41094,41099,41107,41117,41120,41124,
41127,41128,41133,41153,41154,41156,41163,41182,41187,41188,41190,41195,41202,41205,41213,
41222,41223,41228,41229,41230,41234,41241,41249,41251,41257,41260,41263,41268,41284,41291,
41292,41293,41297,41301,41304,41307,41312,41316,41323,41327,41328,41329,41330,41336,41337,
41340,41349,41350,41358,41359,41361,41364,41365,41366,41370,41371,41372,41376,41377,41387,
41389,41393,41394,41399,41403,41406,41410,41414,41434,41438,41439,41446,41447,41454,41457,
41463,41466,41467,41469,41473,41474,41477,41478,41479,41483,41484,41496,41502,41504,41509,
41512,41515,41516,41517,41523,41528,41529,41532,41534,41536,41537,41541,41546,41554,41556,
41558,41564,41569,41572,41575,41581,41583,41587,41594,41595,41604,41611,41613,41615,41618,
41623,41638,41642,41644,41648,41650,41661,41675,41689,41694,41695,41700,41703,41704,41708,
41713,41717,41718,41722,41724,41727,41733,41739,41743,41750,41754,41762,41769,41772,41774,
41782,41793,41795,41799,41804,41806,41811,41832,41866,41937,41942,41946,41955,41977,41982,
41987,41996,42005,42017,42018,42022,42037,42052,42055,42074,42079,42086,42093,42110,42113,
42119,42120,42124,42129,42131,42133,42140,42147,42164,42178,42179,42180,42184,42185,42191,
42208,42210,42217,42218,42220,42226,42230,42233,42235,42239,42240,42243,42248,42255,42257,
42270,42280,42288,42292,42303,42306,42312,42331,42333,42341,42348,42361,42362,42363,42375,
42380,42383,42384,42386,42391,42397,42399,42400,42404,42409,42419,42420,42438,42443,42451,
42452,42454,42457,42458,42461,42464,42468,42469,42474,42475,42478,42479,42480,42482,42484,
42486,42487,42488,42490,42497,42501,42505,42506,42508,42510,42515,42516,42522,42523,42525,
42526,42529,42530,42534,42539,42542,42553,42555,42556,42560,42561,42567,42569,42572,42575,
42587,42588,42590,42595,42598,42604,42615,42617,42622,42624,42627,42635,42636,42639,42640,
42645,42650,42654,42657,42660,42664,42697,42715,42733,42740,42751,42752,42758,42760,42778,
42782,42789,42793,42795,42796,42799,42812,42815,42822,42823,42829,42832,42833,42836,42838,
42840,42844,42857,42862,42868,42869,42871,42882,42887,42890,42893,42901,42903,42909,42914,
42916,42920,42922,42933,42934,42935,42941,42947,42948,42955,42957,42961,42965,42967,42970,
42971,42973,42976,42984,42986,42989,42991,43001,43005,43009,43011,43012,43016,43017,43018,
43021,43024,43025,43027,43030,43034,43036,43043,43048,43053,43055,43059,43062,43067,43068,
43073,43081,43082,43085,43099,43100,43101,43102,43105,43107,43118,43120,43128,43131,43135,
43138,43148,43154,43156,43158,43160,43162,43163,43166,43171,43173,43176,43177,43181,43183,
43188,43191,43199,43201,43208,43213,43214,43217,43218,43221,43228,43238,43242,43243,43251,
43253,43254,43255,43265,43267,43268,43274,43278,43284,43285,43288,43299,43304,43310,43328,
43351,43353,43407,43408,43410,43413,43418,43421,43433,43444,43463,43470,43486,43487,43502,
43506,43509,43520,43522,43534,43539,43558,43564,43570,43573,43575,43576,43582,43587,43591,
43600,43603,43604,43609,43613,43615,43617,43619,43628,43635,43638,43648,43652,43653,43658,
43673,43685,43693,43698,43699,43701,43703,43704,43708,43709,43713,43718,43720,43732,43733,
43742,43750,43755,43764,43768,43769,43776,43777,43785,43786,43790,43795,43801,43807,43819,
43822,43824,43830,43840,43841,43846,43850,43852,43860,43861,43863,43865,43867,43868,43873,
43874,43875,43876,43878,43881,43885,43891,43893,43895,43900,43903,43908,43915,43918,43922,
43924,43927,43928,43946,43949,43952,43953,43954,43956,43958,43959,43963,43966,43972,43973,
43974,43981,43982,43984,43988,43997,43998,43999,44001,44003,44009,44012,44013,44018,44021,
44029,44041,44044,44047,44050,44053,44069,44072,44073,44077,44079,44083,44085,44094,44100,
44101,44107,44113,44118,44123,44135,44139,44148,44150,44166,44168,44170,44205,44215,44222,
44224,44226,44231,44237,44238,44239,44241,44244,44248,44250,44256,44263,44267,44268,44271,
44273,44275,44276,44287,44302,44303,44309,44310,44312,44329,44331,44334,44343,44353,44359,
44361,44366,44380,44382,44387,44390,44398,44399,44401,44405,44407,44408,44410,44411,44419,
44423,44430,44434,44437,44442,44443,44444,44451,44454,44455,44465,44469,44470,44471,44484,
44486,44496,44497,44500,44501,44516,44522,44524,44526,44534,44546,44548,44549,44552,44556,
44557,44562,44563,44566,44572,44579,44583,44587,44589,44591,44593,44602,44608,44610,44613,
44614,44616,44628,44635,44636,44645,44649,44655,44659,44664,44667,44668,44679,44688,44699,
44700,44710,44715,44718,44727,44732,44743,44759,44775,44778,44785,44787,44790,44791,44798,
44813,44824,44830,44850,44860,44864,44866,44868,44871,44889,44891,44904,44908,44913,44914,
44916,44920,44921,44925,44932,44933,44934,44940,44942,44943,44944,44948,44952,44953,44959,
44962,44964,44967,44979,44980,44981,44992,44994,45012,45017,45021,45029,45034,45035,45049,
45051,45056,45066,45068,45069,45072,45087,45091,45092,45098,45102,45104,45105,45107,45117,
45121,45128,45129,45133,45134,45135,45137,45141,45142,45143,45150,45152,45159,45161,45163,
45164,45168,45174,45180,45181,45182,45186,45188,45197,45201,45203,45208,45215,45221,45226,
45228,45241,45243,45246,45257,45266,45267,45271,45280,45294,45296,45297,45305,45306,45307,
45310,45317,45319,45320,45322,45326,45327,45330,45331,45335,45338,45339,45340,45341,45343,
45347,45353,45354,45356,45358,45364,45372,45374,45375,45378,45382,45385,45390,45397,45403,
45410,45448,45453,45457,45458,45482,45486,45490,45500,45506,45514,45519,45522,45540,45550,
45562,45563,45565,45568,45570,45571,45576,45584,45586,45606,45614,45627,45635,45646,45688,
45702,45707,45748,45749,45751,45752,45754,45769,45785,45786,45791,45809,45823,45829,45845,
45846,45847,45848,45850,45853,45882,45884,45886,45890,45892,45912,45920,45927,45930,45933,
45946,45948,45952,45962,45997,46002,46012,46017,46021,46055,46062,46072,46074,46077,46082,
46083,46088,46089,46090,46091,46109,46119,46120,46122,46125,46127,46129,46130,46132,46135,
46137,46144,46155,46166,46169,46181,46183,46227,46236,46241,46245,46264,46271,46273,46329,
46332,46334,46350,46382,46415,46435,46449,46450,46451,46454,46456,46458,46459,46461,46468,
46476,46480,46486,46507,46526,46530,46533,46558,46569,46571,46579,46588,46592,46612,46615,
46616,46650,46672,46673,46677,46715,46718,46729,46795,46800,46805,46809,46814,46815,46822,
46829,46831,46834,46835,46867,46876,46888,46890,46898,46955,46958,46997,46998,47000,47028,
47032,47051,47082,47150,47177,47181,47238,47250,47268,47333,47345,47353,47355,47358,47384,
47385,47386,47423,47424,47426,47437,47444,47445,47500,47513,47523,47578,47579,47580,47583,
47595,47615,47620,47636,47647,47651,47652,47667,47721,47725,47728,47731,47789,47802,47813,
47824,47827,47828,47858,47869,47870,47881,47890,47913,47925,47928,47929,47931,47935,47937,
47938,47940,47942,47945,47951,47954,47958,47973,47985,47987,48018,48031,48042,48082,48085,
48089,48111,48113,48115,48116,48117,48118,48122,48123,48212,48213,48254,48257,48297,48312,
48313,48315,48378,48397,48404,48406,48407,48409,48450,48455,48456,48528,48535,48558,48573,
48588,48590,48591,48592,48677,48689,48698,48867,48893,48899,48905,48943,48944,48946,48953,
48954,48960,48966,49028,49054,49083,49102,49105,49253,49259,49305,49346,49370,49377,49381,
49392,49402,49437,49489,49494,49529,49531,49532,49534,49564,49567,49571,49574,49575,49580,
49608,49621,49626,49659,49660,49672,49673,49685,49699,49758,49765,49769,49774,49775,49853,
49858,49900,49955,49971,49975,49985,49999,50002,50006,50013,50035,50037,50069,50101,50120,
50143,50150,50167,50174,50206,50250,50255,50276,50306,50311,50329,50336,50349,50359,50361,
50380,50405,50449,50530,50619,50625,50632,50647,50705,50706,50738,50758,50766,50768,50773,
50774,50785,50788,50816,50819,50820,50842,50862,50892,51041,51043,51074,51094,51129,51156,
51159,51188,51245,51261,51262,51265,51266,51267,51268,51269,51310,51330,51341,51343,51381,
51450,51453,51457,51477,51478,51480,51537,51538,51647,51739,51742,51744,51802,51806,51832,
51835,51843,51851,51855,51896,51936,51943,51948,52051,52080,52103,52106,52109,52158,52163,
52167,52194,52197,52214,52215,52221,52237,52279,52281,52282,52284,52285,52297,52310,52311,
52347,52348,52351,52399,52407,52408,52469,52537,52552,52555,52556,52559,52619,52622,52709,
52710,52779,52816,52818,52819,52884,52914,52938,52956,52970,52982,52986,52987,52990,53070,
53101,53102,53128,53145,53233,53239,53316,53324,53330,53340,53342,53346,53347,53403,53405,
53406,53465,53519,53536,53540,53599,53610,53613,53651,53683,53695,53711,53738,53770,53777,
53792,53806,53811,53812,53822,53826,53839,53852,53895,53911,53919,53921,53934,53950,53951,
53955,53958,53962,54005,54021,54166,54167,54179,54198,54261,54267,54270,54383,54447,54484,
54506,54508,54524,54533,54544,54571,54595,54601,54603,54604,54667,54672,54674,54680,54686,
54688,54723,54734,54749,54750,54752,54779,54844,54868,54876,54879,54881,54885,54943,55000,
55085,55097,55123,55127,55244,55250,55252,55268,55299,55439,55455,55474,55530,55541,55548,
55651,55738,55739,55740,55842,55847,55853,55888,55898,55914,55917,55928,55952,55958,55986,
56050,56051,56075,56077,56078,56086,56125,56146,56163,56164,56165,56166,56173,56324,56353,
56360,56372,56374,56376,56399,56402,56426,56430,56452,56483,56493,56515,56528,56569,56570,
56581,56737,56764,56785,56813,56823,56852,56853,56855,56869,56888,56905,56958,56960,56965,
56969,56981,56983,56984,57022,57023,57036,57037,57040,57056,57140,57141,57182,57238,57253,
57256,57308,57309,57311,57312,57326,57328,57384,57472,57480,57494,57615,57616,57627,57658,
57711,57714,57715,57741,57743,57783,57785,57849,57918,57934,57937,57960,57981,57982,57984,
58014,58042,58044,58076,58081,58123,58146,58147,58196,58198,58199,58201,58206,58214,58239,
58293,58341,58344,58345,58347,58411,58441,58516,58642,58645,58646,58648,58678,58681,58758,
58767,58796,58801,58807,58856,58882,58888,58890,58894,58919,58980,58997,58999,59019,59023,
59128,59319,59325,59360,59383,59386,59400,59404,59409,59462,59466,59482,59597,59613,59614,
59659,59662,59663,59665,59731,59756,59763,59826,59828,59871,59891,59893,59904,59919,59952,
59955,60036,60130,60139,60174,60192,60203,60209,60213,60220,60254,60268,60339,60359,60360,
60369,60491,60519,60528,60590,60617,60624,60628,60646,60650,60754,60756,60759,60761,60784,
60811,60815,60861,60866,60874,60876,60887,60888,60890,60933,60935,60957,61058,61073,61195,
61220,61228,61337,61345,61347,61348,61351,61354,61398,61442,61443,61464,61466,61497,61502,
61545,61552,61571,61577,61579,61587,61595,61599,61650,61722,61753,61810,61826,61841,61845,
61854,61858,61878,61948,61989,62027,62039,62058,62151,62207,62211,62244,62258,62265,62266,
62267,62270,62317,62318,62319,62352,62380,62405,62431,62446,62457,62458,62459,62462,62494,
62533,62538,62584,62597,62626,62644,62816,62820,62823,62824,62825,62891,62893,62905,62933,
62959,62963,62991,62993,62998,63080,63087,63115,63243,63369,63370,63371,63534,63536,63591,
63628,63696,63741,63752,63757,63777,63830,63832,63859,63865,63870,63961,63962,64005,64006,
64009,64015,64068,64069,64070,64071,64072,64076,64078,64081,64106,64108,64142,64213,64257,
64384,64390,64416,64461,64529,64618,64671,64672,64764,64801,64804,64834,64852,64862,64869,
64912,64925,64939,64943,64945,64978,65019,65024,65027,65061,65064,65112,65145,65146,65151,
65195,65204,65205,65232,65253,65254,65266,65270,65297,65327,65449,65456,65462,65515,65557,
65559,65578,65611,65636,65688,65706,65711,65756,65776,65796,65826,65851,65879,65925,65933,
65934,65938,65957,65998,66011,66136,66195,66289,66292,66332,66346,66380,66412,66421,66426,
66460,66528,66603,66611,66640,66707,66708,66712,66732,66734,66738,66759,66812,66846,66866,
66881,66902,66961,67004,67041,67073,67084,67086,67121,67143,67310,67386,67402,67426,67469,
67530,67534,67556,67577,67604,67610,67615,67616,67626,67642,67645,67721,67745,67746,67747,
67748,67764,67868,67870,67871,67889,67896,67897,67903,67926,67938,67972,68055,68078,68081,
68088,68149,68165,68171,68173,68178,68263,68266,68295,68342,68392,68399,68439,68510,68519,
68539,68541,68542,68543,68552,68590,68591,68594,68631,68692,68694,68798,68812,68837,68848,
68881,68888,68904,68908,68912,68917,68964,68966,68992,68997,69006,69120,69145,69252,69254,
69279,69293,69295,69315,69337,69362,69367,69416,69418,69444,69667,69691,69708,69711,69787,
69875,69955,69959,69964,70064,70068,70109,70220,70290,70334,70356,70392,70400,70421,70426,
70483,70526,70548,70570,70571,70629,70676,70746,70751,70755,70762,70763,70796,70800,70814,
70936,70979,71088,71195,71205,71210,71257,71360,71365,71369,71371,71381,71433,71436,71439,
71472,71477,71481,71483,71484,71517,71518,71622,71727,71730,71777,71778,71862,71870,71874,
71883,71887,71915,71925,71996,71997,72025,72050,72147,72190,72214,72221,72259,72290,72316,
72397,72448,72451,72478,72516,72559,72587,72591,72690,72868,72871,72916,72994,73017,73082,
73084,73148,73175,73188,73270,73311,73362,73393,73414,73478,73480,73510,73531,73540,73595,
73641,73668,73675,73685,73688,73737,73739,73768,73780,73782,73783,73970,73989,74028,74050,
74070,74141,74144,74147,74151,74185,74188,74200,74233,74327,74342,74432,74509,74515,74549,
74580,74584,74591,74622,74623,74675,74734,74756,74758,74790,74796,74823,74854,74884,74888,
74906,74908,74933,74934,74936,74951,75014,75050,75051,75071,75072,75083,75101,75102,75118,
75133,75161,75163,75166,75201,75234,75247,75267,75272,75279,75349,75371,75406,75409,75410,
75552,75554,75556,75558,75566,75568,75621,75641,75645,75712,75724,75732,75755,75773,75808,
75815,75817,75892,75910,75933,75934,75947,75948,75952,75967,76110,76150,76156,76161,76198,
76283,76292,76293,76297,76308,76330,76366,76367,76369,76370,76372,76386,76401,76442,76458,
76463,76465,76482,76485,76511,76523,76525,76531,76532,76547,76671,76686,76697,76699,76701,
76717,76730,76732,76777,76809,76841,76885,76893,76897,76898,76903,76947,76983,77005,77009,
77032,77033,77034,77035,77097,77121,77150,77160,77206,77241,77265,77294,77331,77339,77381,
77384,77398,77445,77446,77452,77782,78118,78119,78132,78214,78225,78285,78487,78640,78644,
78698,78747,78748,78895,78965,79072,79126,79150,79153,79213,79232,79413,79423,79757,79758,
79844,79856,80714,80792,81345,81549,81642,81703,81717,81796,81975,82042,82352,82355,82465,
82470,82471,82671,83044,83216,83789,83846,83847,83848,83948,84230,84380,84423,84803,84859,
85150,85544,85634,85638,85642,85643,85685,85686,85922,86248,86960,87471,87849,88137,88167,
88262,88267,88368,88778,88780,89313,89861,90232,90236,90494,90892,91038,91210,91212,91602,
91850,91973,92233,92505,92721,92748,92781,92960,93177,93198,93327,93382,93441,94078,94506,
94743,95387,95762,95838,95966,96164,96446,96448,96504,96538,96540,96802,96819,96897,96913,
97002,97097,97101,97230,97472,97537,97812
END_

! ----------------------------------------------------------------
!
! Design Response: Stiffness_Measure
!
DRESP
  ID_NAME = Stiffness_Measure
  LIST = NO_LIST
  DEF_TYPE = SYSTEM
  EL_GROUP = ALL_ELEMENTS
  TYPE = ENERGY_STIFF_MEASURE
  GROUP_OPER = SUM
  LC_SEL = SUM 
  LC_SET = STATIC, ALL, ALL, MAX
END_

! ----------------------------------------------------------------
!
! Design Response: Mass_DResp_1
!
DRESP
  ID_NAME = Mass_DResp_1
  LIST = NO_LIST
  DEF_TYPE = SYSTEM
  EL_GROUP = ALL_ELEMENTS
  TYPE = WEIGHT
  GROUP_OPER = SUM
END_

! ----------------------------------------------------------------
!
!
! Design Area: Task1_DESIGN_AREA
!
DV_TOPO
  ID_NAME = Task1_DESIGN_AREA
  EL_GROUP = ALL_ELEMENTS
END_

! ----------------------------------------------------------------
!
! Objective Function: StiffnessEnergy_Obj_Func
!
OBJ_FUNC
  ID_NAME = StiffnessEnergy_Obj_Func
  DRESP = Stiffness_Measure, 1.0
  TARGET = MIN
END_

! ----------------------------------------------------------------
!
! Constraint: Mass_Constraint_1
!
CONSTRAINT
  ID_NAME = Mass_Constraint_1
  DRESP = Mass_DResp_1
  MAGNITUDE = REL
  LE_VALUE = 0.5
END_

! ----------------------------------------------------------------
!
! Geometric Restriction: Frozen_ManufacConstraint_2
!
DVCON_TOPO
  ID_NAME = Frozen_ManufacConstraint_2
  EL_GROUP = FROZEN_AREA_ELEMS_GRP_1
  CHECK_TYPE = FROZEN
END_

! ----------------------------------------------------------------
!
!
! Optimize: OPTIMIZE_1_TOPOLOGY_OPTIMIZATION_CONTROLLER 
!
OPTIMIZE
  ID_NAME = OPTIMIZE_1_TOPOLOGY_OPTIMIZATION_SENSITIVITY
  DV = Task1_DESIGN_AREA
  OBJ_FUNC = StiffnessEnergy_Obj_Func
  DVCON = Frozen_ManufacConstraint_2
  CONSTRAINT = Mass_Constraint_1
  STRATEGY = TOPO_SENSITIVITY
END_

OPT_PARAM
  ID_NAME = OPTIMIZE_1_TOPOLOGY_OPTIMIZATION_SENSITIVITY_OPT_PARAM_
  OPTIMIZE = OPTIMIZE_1_TOPOLOGY_OPTIMIZATION_SENSITIVITY
  DV_UPDATE_STRATEGY = CSA
  STABILIZATION = YES
  AUTO_FROZEN = BOTH
  AUTO_FROZEN_CON = BOTH
  STOP_CRITERION_LEVEL = BOTH
  STOP_CRITERION_OBJ = 0.001
  STOP_CRITERION_DENSITY = 0.005
END_

STOP
  ID_NAME = Task-1_GLOBAL_STOP_CONDITION_
  ITER_MAX = 75
END_

